--------------------
Cycle 1:	256	addi x1, x0, #-1
Registers
x00:	0	-1	0	0	0	0	0	0
x08:	0	0	0	0	0	0	0	0
x16:	0	0	0	0	0	0	0	0
x24:	0	0	0	0	0	0	0	0
Data
284:	7
--------------------
Cycle 2:	260	srai x1, x1, #1
Registers
x00:	0	-1	0	0	0	0	0	0
x08:	0	0	0	0	0	0	0	0
x16:	0	0	0	0	0	0	0	0
x24:	0	0	0	0	0	0	0	0
Data
284:	7
--------------------
Cycle 3:	264	slli x1, x1, #1
Registers
x00:	0	-2	0	0	0	0	0	0
x08:	0	0	0	0	0	0	0	0
x16:	0	0	0	0	0	0	0	0
x24:	0	0	0	0	0	0	0	0
Data
284:	7
--------------------
Cycle 4:	268	addi x5, x0, #284
Registers
x00:	0	-2	0	0	0	284	0	0
x08:	0	0	0	0	0	0	0	0
x16:	0	0	0	0	0	0	0	0
x24:	0	0	0	0	0	0	0	0
Data
284:	7
--------------------
Cycle 5:	272	lw x2, 0(x5)
Registers
x00:	0	-2	7	0	0	284	0	0
x08:	0	0	0	0	0	0	0	0
x16:	0	0	0	0	0	0	0	0
x24:	0	0	0	0	0	0	0	0
Data
284:	7
--------------------
Cycle 6:	276	sub x3, x2, x1
Registers
x00:	0	-2	7	9	0	284	0	0
x08:	0	0	0	0	0	0	0	0
x16:	0	0	0	0	0	0	0	0
x24:	0	0	0	0	0	0	0	0
Data
284:	7
--------------------
Cycle 7:	280	break
Registers
x00:	0	-2	7	9	0	284	0	0
x08:	0	0	0	0	0	0	0	0
x16:	0	0	0	0	0	0	0	0
x24:	0	0	0	0	0	0	0	0
Data
284:	7
